0000000000
0000000000
0000000000
0111111110
0111111110
0111111110
0111111110
0111111110
0000000000
0000000000
0000000000
0110000110
0111001110
0011111100
0061111000
0011111100
0111001110
0110000110
0000000000
0000000000
0000000000
0110011000
0110011000
0110011110
0110011110
0110010000
0111111000
0110001000
0000001000
0000000000
0000000000
0011111100
0011111100
0001111000
0000110000
0000110000
0000110000
0000110000
0011111100
0000110000
0000000000
0111110000
0001111100
0111110000
0001111100
0001110000
0001110000
0011111100
0000000000
0000000000
